 0.00000000e+00  0.00000000e+00 
 1.00000000e-02  5.01734814e-03 
 2.00000000e-02  1.00346963e-02 
 3.00000000e-02  1.50520444e-02 
 4.00000000e-02  2.00693926e-02 
 5.00000000e-02  2.50867407e-02 
 6.00000000e-02  3.01040888e-02 
 7.00000000e-02  3.51214370e-02 
 8.00000000e-02  4.01387851e-02 
 9.00000000e-02  4.51561332e-02 
 1.00000000e-01  5.01734814e-02 
 1.10000000e-01  5.51908295e-02 
 1.20000000e-01  6.02081777e-02 
 1.30000000e-01  6.52255258e-02 
 1.40000000e-01  7.02428739e-02 
 1.50000000e-01  7.52602221e-02 
 1.60000000e-01  8.02775702e-02 
 1.70000000e-01  8.52949184e-02 
 1.80000000e-01  9.03122665e-02 
 1.90000000e-01  9.53296146e-02 
 2.00000000e-01  1.00346963e-01 
 2.10000000e-01  1.05364311e-01 
 2.20000000e-01  1.10381659e-01 
 2.30000000e-01  1.15399007e-01 
 2.40000000e-01  1.20416355e-01 
 2.50000000e-01  1.25433703e-01 
 2.60000000e-01  1.30451052e-01 
 2.70000000e-01  1.35468400e-01 
 2.80000000e-01  1.40485748e-01 
 2.90000000e-01  1.45503096e-01 
 3.00000000e-01  1.50520444e-01 
 3.10000000e-01  1.55537792e-01 
 3.20000000e-01  1.60555140e-01 
 3.30000000e-01  1.65572489e-01 
 3.40000000e-01  1.70589837e-01 
 3.50000000e-01  1.75607185e-01 
 3.60000000e-01  1.80624533e-01 
 3.70000000e-01  1.85641881e-01 
 3.80000000e-01  1.90659229e-01 
 3.90000000e-01  1.95676577e-01 
 4.00000000e-01  2.00693926e-01 
 4.10000000e-01  2.05711274e-01 
 4.20000000e-01  2.10728622e-01 
 4.30000000e-01  2.15745970e-01 
 4.40000000e-01  2.20763318e-01 
 4.50000000e-01  2.25780666e-01 
 4.60000000e-01  2.30798014e-01 
 4.70000000e-01  2.35815363e-01 
 4.80000000e-01  2.40832711e-01 
 4.90000000e-01  2.45850059e-01 
 5.00000000e-01  2.50867407e-01 
 5.10000000e-01  2.55884755e-01 
 5.20000000e-01  2.60902103e-01 
 5.30000000e-01  2.65919451e-01 
 5.40000000e-01  2.70936799e-01 
 5.50000000e-01  2.75954148e-01 
 5.60000000e-01  2.80971496e-01 
 5.70000000e-01  2.85988844e-01 
 5.80000000e-01  2.91006192e-01 
 5.90000000e-01  2.96023540e-01 
 6.00000000e-01  3.01040888e-01 
 6.10000000e-01  3.06058236e-01 
 6.20000000e-01  3.11075585e-01 
 6.30000000e-01  3.16092933e-01 
 6.40000000e-01  3.21110281e-01 
 6.50000000e-01  3.26127629e-01 
 6.60000000e-01  3.31144977e-01 
 6.70000000e-01  3.36162325e-01 
 6.80000000e-01  3.41179673e-01 
 6.90000000e-01  3.46197022e-01 
 7.00000000e-01  3.51214370e-01 
 7.10000000e-01  3.56231718e-01 
 7.20000000e-01  3.61249066e-01 
 7.30000000e-01  3.66266414e-01 
 7.40000000e-01  3.71283762e-01 
 7.50000000e-01  3.76301110e-01 
 7.60000000e-01  3.81318459e-01 
 7.70000000e-01  3.86335807e-01 
 7.80000000e-01  3.91353155e-01 
 7.90000000e-01  3.96370503e-01 
 8.00000000e-01  4.01387851e-01 
 8.10000000e-01  4.06405199e-01 
 8.20000000e-01  4.11422547e-01 
 8.30000000e-01  4.16439896e-01 
 8.40000000e-01  4.21457244e-01 
 8.50000000e-01  4.26474592e-01 
 8.60000000e-01  4.31491940e-01 
 8.70000000e-01  4.36509288e-01 
 8.80000000e-01  4.41526636e-01 
 8.90000000e-01  4.46543984e-01 
 9.00000000e-01  4.51561332e-01 
 9.10000000e-01  4.56578681e-01 
 9.20000000e-01  4.61596029e-01 
 9.30000000e-01  4.66613377e-01 
 9.40000000e-01  4.71630725e-01 
 9.50000000e-01  4.76648073e-01 
 9.60000000e-01  4.81665421e-01 
 9.70000000e-01  4.86682769e-01 
 9.80000000e-01  4.91700118e-01 
 9.90000000e-01  4.96717466e-01 
 1.00000000e+00  5.01734814e-01 
