 0.00000000e+00  0.00000000e+00 
 1.00000000e-02  5.00388165e-03 
 2.00000000e-02  1.00077633e-02 
 3.00000000e-02  1.50116450e-02 
 4.00000000e-02  2.00155266e-02 
 5.00000000e-02  2.50194083e-02 
 6.00000000e-02  3.00232899e-02 
 7.00000000e-02  3.50271716e-02 
 8.00000000e-02  4.00310532e-02 
 9.00000000e-02  4.50349349e-02 
 1.00000000e-01  5.00388165e-02 
 1.10000000e-01  5.50426982e-02 
 1.20000000e-01  6.00465798e-02 
 1.30000000e-01  6.50504615e-02 
 1.40000000e-01  7.00543431e-02 
 1.50000000e-01  7.50582248e-02 
 1.60000000e-01  8.00621064e-02 
 1.70000000e-01  8.50659881e-02 
 1.80000000e-01  9.00698697e-02 
 1.90000000e-01  9.50737514e-02 
 2.00000000e-01  1.00077633e-01 
 2.10000000e-01  1.05081515e-01 
 2.20000000e-01  1.10085396e-01 
 2.30000000e-01  1.15089278e-01 
 2.40000000e-01  1.20093160e-01 
 2.50000000e-01  1.25097041e-01 
 2.60000000e-01  1.30100923e-01 
 2.70000000e-01  1.35104805e-01 
 2.80000000e-01  1.40108686e-01 
 2.90000000e-01  1.45112568e-01 
 3.00000000e-01  1.50116450e-01 
 3.10000000e-01  1.55120331e-01 
 3.20000000e-01  1.60124213e-01 
 3.30000000e-01  1.65128095e-01 
 3.40000000e-01  1.70131976e-01 
 3.50000000e-01  1.75135858e-01 
 3.60000000e-01  1.80139739e-01 
 3.70000000e-01  1.85143621e-01 
 3.80000000e-01  1.90147503e-01 
 3.90000000e-01  1.95151384e-01 
 4.00000000e-01  2.00155266e-01 
 4.10000000e-01  2.05159148e-01 
 4.20000000e-01  2.10163029e-01 
 4.30000000e-01  2.15166911e-01 
 4.40000000e-01  2.20170793e-01 
 4.50000000e-01  2.25174674e-01 
 4.60000000e-01  2.30178556e-01 
 4.70000000e-01  2.35182438e-01 
 4.80000000e-01  2.40186319e-01 
 4.90000000e-01  2.45190201e-01 
 5.00000000e-01  2.50194083e-01 
 5.10000000e-01  2.55197964e-01 
 5.20000000e-01  2.60201846e-01 
 5.30000000e-01  2.65205728e-01 
 5.40000000e-01  2.70209609e-01 
 5.50000000e-01  2.75213491e-01 
 5.60000000e-01  2.80217373e-01 
 5.70000000e-01  2.85221254e-01 
 5.80000000e-01  2.90225136e-01 
 5.90000000e-01  2.95229018e-01 
 6.00000000e-01  3.00232899e-01 
 6.10000000e-01  3.05236781e-01 
 6.20000000e-01  3.10240662e-01 
 6.30000000e-01  3.15244544e-01 
 6.40000000e-01  3.20248426e-01 
 6.50000000e-01  3.25252307e-01 
 6.60000000e-01  3.30256189e-01 
 6.70000000e-01  3.35260071e-01 
 6.80000000e-01  3.40263952e-01 
 6.90000000e-01  3.45267834e-01 
 7.00000000e-01  3.50271716e-01 
 7.10000000e-01  3.55275597e-01 
 7.20000000e-01  3.60279479e-01 
 7.30000000e-01  3.65283361e-01 
 7.40000000e-01  3.70287242e-01 
 7.50000000e-01  3.75291124e-01 
 7.60000000e-01  3.80295006e-01 
 7.70000000e-01  3.85298887e-01 
 7.80000000e-01  3.90302769e-01 
 7.90000000e-01  3.95306651e-01 
 8.00000000e-01  4.00310532e-01 
 8.10000000e-01  4.05314414e-01 
 8.20000000e-01  4.10318296e-01 
 8.30000000e-01  4.15322177e-01 
 8.40000000e-01  4.20326059e-01 
 8.50000000e-01  4.25329940e-01 
 8.60000000e-01  4.30333822e-01 
 8.70000000e-01  4.35337704e-01 
 8.80000000e-01  4.40341585e-01 
 8.90000000e-01  4.45345467e-01 
 9.00000000e-01  4.50349349e-01 
 9.10000000e-01  4.55353230e-01 
 9.20000000e-01  4.60357112e-01 
 9.30000000e-01  4.65360994e-01 
 9.40000000e-01  4.70364875e-01 
 9.50000000e-01  4.75368757e-01 
 9.60000000e-01  4.80372639e-01 
 9.70000000e-01  4.85376520e-01 
 9.80000000e-01  4.90380402e-01 
 9.90000000e-01  4.95384284e-01 
 1.00000000e+00  5.00388165e-01 
