 0.00000000e+00  0.00000000e+00 
 1.00000000e-02  4.99562043e-03 
 2.00000000e-02  9.99124086e-03 
 3.00000000e-02  1.49868613e-02 
 4.00000000e-02  1.99824817e-02 
 5.00000000e-02  2.49781022e-02 
 6.00000000e-02  2.99737226e-02 
 7.00000000e-02  3.49693430e-02 
 8.00000000e-02  3.99649634e-02 
 9.00000000e-02  4.49605839e-02 
 1.00000000e-01  4.99562043e-02 
 1.10000000e-01  5.49518247e-02 
 1.20000000e-01  5.99474452e-02 
 1.30000000e-01  6.49430656e-02 
 1.40000000e-01  6.99386860e-02 
 1.50000000e-01  7.49343065e-02 
 1.60000000e-01  7.99299269e-02 
 1.70000000e-01  8.49255473e-02 
 1.80000000e-01  8.99211678e-02 
 1.90000000e-01  9.49167882e-02 
 2.00000000e-01  9.99124086e-02 
 2.10000000e-01  1.04908029e-01 
 2.20000000e-01  1.09903649e-01 
 2.30000000e-01  1.14899270e-01 
 2.40000000e-01  1.19894890e-01 
 2.50000000e-01  1.24890511e-01 
 2.60000000e-01  1.29886131e-01 
 2.70000000e-01  1.34881752e-01 
 2.80000000e-01  1.39877372e-01 
 2.90000000e-01  1.44872992e-01 
 3.00000000e-01  1.49868613e-01 
 3.10000000e-01  1.54864233e-01 
 3.20000000e-01  1.59859854e-01 
 3.30000000e-01  1.64855474e-01 
 3.40000000e-01  1.69851095e-01 
 3.50000000e-01  1.74846715e-01 
 3.60000000e-01  1.79842336e-01 
 3.70000000e-01  1.84837956e-01 
 3.80000000e-01  1.89833576e-01 
 3.90000000e-01  1.94829197e-01 
 4.00000000e-01  1.99824817e-01 
 4.10000000e-01  2.04820438e-01 
 4.20000000e-01  2.09816058e-01 
 4.30000000e-01  2.14811679e-01 
 4.40000000e-01  2.19807299e-01 
 4.50000000e-01  2.24802919e-01 
 4.60000000e-01  2.29798540e-01 
 4.70000000e-01  2.34794160e-01 
 4.80000000e-01  2.39789781e-01 
 4.90000000e-01  2.44785401e-01 
 5.00000000e-01  2.49781022e-01 
 5.10000000e-01  2.54776642e-01 
 5.20000000e-01  2.59772262e-01 
 5.30000000e-01  2.64767883e-01 
 5.40000000e-01  2.69763503e-01 
 5.50000000e-01  2.74759124e-01 
 5.60000000e-01  2.79754744e-01 
 5.70000000e-01  2.84750365e-01 
 5.80000000e-01  2.89745985e-01 
 5.90000000e-01  2.94741605e-01 
 6.00000000e-01  2.99737226e-01 
 6.10000000e-01  3.04732846e-01 
 6.20000000e-01  3.09728467e-01 
 6.30000000e-01  3.14724087e-01 
 6.40000000e-01  3.19719708e-01 
 6.50000000e-01  3.24715328e-01 
 6.60000000e-01  3.29710948e-01 
 6.70000000e-01  3.34706569e-01 
 6.80000000e-01  3.39702189e-01 
 6.90000000e-01  3.44697810e-01 
 7.00000000e-01  3.49693430e-01 
 7.10000000e-01  3.54689051e-01 
 7.20000000e-01  3.59684671e-01 
 7.30000000e-01  3.64680291e-01 
 7.40000000e-01  3.69675912e-01 
 7.50000000e-01  3.74671532e-01 
 7.60000000e-01  3.79667153e-01 
 7.70000000e-01  3.84662773e-01 
 7.80000000e-01  3.89658394e-01 
 7.90000000e-01  3.94654014e-01 
 8.00000000e-01  3.99649634e-01 
 8.10000000e-01  4.04645255e-01 
 8.20000000e-01  4.09640875e-01 
 8.30000000e-01  4.14636496e-01 
 8.40000000e-01  4.19632116e-01 
 8.50000000e-01  4.24627737e-01 
 8.60000000e-01  4.29623357e-01 
 8.70000000e-01  4.34618977e-01 
 8.80000000e-01  4.39614598e-01 
 8.90000000e-01  4.44610218e-01 
 9.00000000e-01  4.49605839e-01 
 9.10000000e-01  4.54601459e-01 
 9.20000000e-01  4.59597080e-01 
 9.30000000e-01  4.64592700e-01 
 9.40000000e-01  4.69588321e-01 
 9.50000000e-01  4.74583941e-01 
 9.60000000e-01  4.79579561e-01 
 9.70000000e-01  4.84575182e-01 
 9.80000000e-01  4.89570802e-01 
 9.90000000e-01  4.94566423e-01 
 1.00000000e+00  4.99562043e-01 
