 0.00000000e+00  0.00000000e+00 
 1.00000000e-02  5.01368432e-03 
 2.00000000e-02  1.00273686e-02 
 3.00000000e-02  1.50410530e-02 
 4.00000000e-02  2.00547373e-02 
 5.00000000e-02  2.50684216e-02 
 6.00000000e-02  3.00821059e-02 
 7.00000000e-02  3.50957903e-02 
 8.00000000e-02  4.01094746e-02 
 9.00000000e-02  4.51231589e-02 
 1.00000000e-01  5.01368432e-02 
 1.10000000e-01  5.51505275e-02 
 1.20000000e-01  6.01642119e-02 
 1.30000000e-01  6.51778962e-02 
 1.40000000e-01  7.01915805e-02 
 1.50000000e-01  7.52052648e-02 
 1.60000000e-01  8.02189492e-02 
 1.70000000e-01  8.52326335e-02 
 1.80000000e-01  9.02463178e-02 
 1.90000000e-01  9.52600021e-02 
 2.00000000e-01  1.00273686e-01 
 2.10000000e-01  1.05287371e-01 
 2.20000000e-01  1.10301055e-01 
 2.30000000e-01  1.15314739e-01 
 2.40000000e-01  1.20328424e-01 
 2.50000000e-01  1.25342108e-01 
 2.60000000e-01  1.30355792e-01 
 2.70000000e-01  1.35369477e-01 
 2.80000000e-01  1.40383161e-01 
 2.90000000e-01  1.45396845e-01 
 3.00000000e-01  1.50410530e-01 
 3.10000000e-01  1.55424214e-01 
 3.20000000e-01  1.60437898e-01 
 3.30000000e-01  1.65451583e-01 
 3.40000000e-01  1.70465267e-01 
 3.50000000e-01  1.75478951e-01 
 3.60000000e-01  1.80492636e-01 
 3.70000000e-01  1.85506320e-01 
 3.80000000e-01  1.90520004e-01 
 3.90000000e-01  1.95533689e-01 
 4.00000000e-01  2.00547373e-01 
 4.10000000e-01  2.05561057e-01 
 4.20000000e-01  2.10574742e-01 
 4.30000000e-01  2.15588426e-01 
 4.40000000e-01  2.20602110e-01 
 4.50000000e-01  2.25615795e-01 
 4.60000000e-01  2.30629479e-01 
 4.70000000e-01  2.35643163e-01 
 4.80000000e-01  2.40656847e-01 
 4.90000000e-01  2.45670532e-01 
 5.00000000e-01  2.50684216e-01 
 5.10000000e-01  2.55697900e-01 
 5.20000000e-01  2.60711585e-01 
 5.30000000e-01  2.65725269e-01 
 5.40000000e-01  2.70738953e-01 
 5.50000000e-01  2.75752638e-01 
 5.60000000e-01  2.80766322e-01 
 5.70000000e-01  2.85780006e-01 
 5.80000000e-01  2.90793691e-01 
 5.90000000e-01  2.95807375e-01 
 6.00000000e-01  3.00821059e-01 
 6.10000000e-01  3.05834744e-01 
 6.20000000e-01  3.10848428e-01 
 6.30000000e-01  3.15862112e-01 
 6.40000000e-01  3.20875797e-01 
 6.50000000e-01  3.25889481e-01 
 6.60000000e-01  3.30903165e-01 
 6.70000000e-01  3.35916850e-01 
 6.80000000e-01  3.40930534e-01 
 6.90000000e-01  3.45944218e-01 
 7.00000000e-01  3.50957903e-01 
 7.10000000e-01  3.55971587e-01 
 7.20000000e-01  3.60985271e-01 
 7.30000000e-01  3.65998956e-01 
 7.40000000e-01  3.71012640e-01 
 7.50000000e-01  3.76026324e-01 
 7.60000000e-01  3.81040009e-01 
 7.70000000e-01  3.86053693e-01 
 7.80000000e-01  3.91067377e-01 
 7.90000000e-01  3.96081061e-01 
 8.00000000e-01  4.01094746e-01 
 8.10000000e-01  4.06108430e-01 
 8.20000000e-01  4.11122114e-01 
 8.30000000e-01  4.16135799e-01 
 8.40000000e-01  4.21149483e-01 
 8.50000000e-01  4.26163167e-01 
 8.60000000e-01  4.31176852e-01 
 8.70000000e-01  4.36190536e-01 
 8.80000000e-01  4.41204220e-01 
 8.90000000e-01  4.46217905e-01 
 9.00000000e-01  4.51231589e-01 
 9.10000000e-01  4.56245273e-01 
 9.20000000e-01  4.61258958e-01 
 9.30000000e-01  4.66272642e-01 
 9.40000000e-01  4.71286326e-01 
 9.50000000e-01  4.76300011e-01 
 9.60000000e-01  4.81313695e-01 
 9.70000000e-01  4.86327379e-01 
 9.80000000e-01  4.91341064e-01 
 9.90000000e-01  4.96354748e-01 
 1.00000000e+00  5.01368432e-01 
