 0.00000000e+00  0.00000000e+00 
 1.00000000e-02  5.01385402e-03 
 2.00000000e-02  1.00277080e-02 
 3.00000000e-02  1.50415621e-02 
 4.00000000e-02  2.00554161e-02 
 5.00000000e-02  2.50692701e-02 
 6.00000000e-02  3.00831241e-02 
 7.00000000e-02  3.50969782e-02 
 8.00000000e-02  4.01108322e-02 
 9.00000000e-02  4.51246862e-02 
 1.00000000e-01  5.01385402e-02 
 1.10000000e-01  5.51523943e-02 
 1.20000000e-01  6.01662483e-02 
 1.30000000e-01  6.51801023e-02 
 1.40000000e-01  7.01939563e-02 
 1.50000000e-01  7.52078104e-02 
 1.60000000e-01  8.02216644e-02 
 1.70000000e-01  8.52355184e-02 
 1.80000000e-01  9.02493724e-02 
 1.90000000e-01  9.52632265e-02 
 2.00000000e-01  1.00277080e-01 
 2.10000000e-01  1.05290935e-01 
 2.20000000e-01  1.10304789e-01 
 2.30000000e-01  1.15318643e-01 
 2.40000000e-01  1.20332497e-01 
 2.50000000e-01  1.25346351e-01 
 2.60000000e-01  1.30360205e-01 
 2.70000000e-01  1.35374059e-01 
 2.80000000e-01  1.40387913e-01 
 2.90000000e-01  1.45401767e-01 
 3.00000000e-01  1.50415621e-01 
 3.10000000e-01  1.55429475e-01 
 3.20000000e-01  1.60443329e-01 
 3.30000000e-01  1.65457183e-01 
 3.40000000e-01  1.70471037e-01 
 3.50000000e-01  1.75484891e-01 
 3.60000000e-01  1.80498745e-01 
 3.70000000e-01  1.85512599e-01 
 3.80000000e-01  1.90526453e-01 
 3.90000000e-01  1.95540307e-01 
 4.00000000e-01  2.00554161e-01 
 4.10000000e-01  2.05568015e-01 
 4.20000000e-01  2.10581869e-01 
 4.30000000e-01  2.15595723e-01 
 4.40000000e-01  2.20609577e-01 
 4.50000000e-01  2.25623431e-01 
 4.60000000e-01  2.30637285e-01 
 4.70000000e-01  2.35651139e-01 
 4.80000000e-01  2.40664993e-01 
 4.90000000e-01  2.45678847e-01 
 5.00000000e-01  2.50692701e-01 
 5.10000000e-01  2.55706555e-01 
 5.20000000e-01  2.60720409e-01 
 5.30000000e-01  2.65734263e-01 
 5.40000000e-01  2.70748117e-01 
 5.50000000e-01  2.75761971e-01 
 5.60000000e-01  2.80775825e-01 
 5.70000000e-01  2.85789679e-01 
 5.80000000e-01  2.90803533e-01 
 5.90000000e-01  2.95817387e-01 
 6.00000000e-01  3.00831241e-01 
 6.10000000e-01  3.05845096e-01 
 6.20000000e-01  3.10858950e-01 
 6.30000000e-01  3.15872804e-01 
 6.40000000e-01  3.20886658e-01 
 6.50000000e-01  3.25900512e-01 
 6.60000000e-01  3.30914366e-01 
 6.70000000e-01  3.35928220e-01 
 6.80000000e-01  3.40942074e-01 
 6.90000000e-01  3.45955928e-01 
 7.00000000e-01  3.50969782e-01 
 7.10000000e-01  3.55983636e-01 
 7.20000000e-01  3.60997490e-01 
 7.30000000e-01  3.66011344e-01 
 7.40000000e-01  3.71025198e-01 
 7.50000000e-01  3.76039052e-01 
 7.60000000e-01  3.81052906e-01 
 7.70000000e-01  3.86066760e-01 
 7.80000000e-01  3.91080614e-01 
 7.90000000e-01  3.96094468e-01 
 8.00000000e-01  4.01108322e-01 
 8.10000000e-01  4.06122176e-01 
 8.20000000e-01  4.11136030e-01 
 8.30000000e-01  4.16149884e-01 
 8.40000000e-01  4.21163738e-01 
 8.50000000e-01  4.26177592e-01 
 8.60000000e-01  4.31191446e-01 
 8.70000000e-01  4.36205300e-01 
 8.80000000e-01  4.41219154e-01 
 8.90000000e-01  4.46233008e-01 
 9.00000000e-01  4.51246862e-01 
 9.10000000e-01  4.56260716e-01 
 9.20000000e-01  4.61274570e-01 
 9.30000000e-01  4.66288424e-01 
 9.40000000e-01  4.71302278e-01 
 9.50000000e-01  4.76316132e-01 
 9.60000000e-01  4.81329986e-01 
 9.70000000e-01  4.86343840e-01 
 9.80000000e-01  4.91357694e-01 
 9.90000000e-01  4.96371548e-01 
 1.00000000e+00  5.01385402e-01 
