 0.00000000e+00  0.00000000e+00 
 1.00000000e-02  4.98637276e-03 
 2.00000000e-02  9.97274552e-03 
 3.00000000e-02  1.49591183e-02 
 4.00000000e-02  1.99454910e-02 
 5.00000000e-02  2.49318638e-02 
 6.00000000e-02  2.99182366e-02 
 7.00000000e-02  3.49046093e-02 
 8.00000000e-02  3.98909821e-02 
 9.00000000e-02  4.48773548e-02 
 1.00000000e-01  4.98637276e-02 
 1.10000000e-01  5.48501004e-02 
 1.20000000e-01  5.98364731e-02 
 1.30000000e-01  6.48228459e-02 
 1.40000000e-01  6.98092186e-02 
 1.50000000e-01  7.47955914e-02 
 1.60000000e-01  7.97819642e-02 
 1.70000000e-01  8.47683369e-02 
 1.80000000e-01  8.97547097e-02 
 1.90000000e-01  9.47410824e-02 
 2.00000000e-01  9.97274552e-02 
 2.10000000e-01  1.04713828e-01 
 2.20000000e-01  1.09700201e-01 
 2.30000000e-01  1.14686573e-01 
 2.40000000e-01  1.19672946e-01 
 2.50000000e-01  1.24659319e-01 
 2.60000000e-01  1.29645692e-01 
 2.70000000e-01  1.34632065e-01 
 2.80000000e-01  1.39618437e-01 
 2.90000000e-01  1.44604810e-01 
 3.00000000e-01  1.49591183e-01 
 3.10000000e-01  1.54577556e-01 
 3.20000000e-01  1.59563928e-01 
 3.30000000e-01  1.64550301e-01 
 3.40000000e-01  1.69536674e-01 
 3.50000000e-01  1.74523047e-01 
 3.60000000e-01  1.79509419e-01 
 3.70000000e-01  1.84495792e-01 
 3.80000000e-01  1.89482165e-01 
 3.90000000e-01  1.94468538e-01 
 4.00000000e-01  1.99454910e-01 
 4.10000000e-01  2.04441283e-01 
 4.20000000e-01  2.09427656e-01 
 4.30000000e-01  2.14414029e-01 
 4.40000000e-01  2.19400401e-01 
 4.50000000e-01  2.24386774e-01 
 4.60000000e-01  2.29373147e-01 
 4.70000000e-01  2.34359520e-01 
 4.80000000e-01  2.39345892e-01 
 4.90000000e-01  2.44332265e-01 
 5.00000000e-01  2.49318638e-01 
 5.10000000e-01  2.54305011e-01 
 5.20000000e-01  2.59291384e-01 
 5.30000000e-01  2.64277756e-01 
 5.40000000e-01  2.69264129e-01 
 5.50000000e-01  2.74250502e-01 
 5.60000000e-01  2.79236875e-01 
 5.70000000e-01  2.84223247e-01 
 5.80000000e-01  2.89209620e-01 
 5.90000000e-01  2.94195993e-01 
 6.00000000e-01  2.99182366e-01 
 6.10000000e-01  3.04168738e-01 
 6.20000000e-01  3.09155111e-01 
 6.30000000e-01  3.14141484e-01 
 6.40000000e-01  3.19127857e-01 
 6.50000000e-01  3.24114229e-01 
 6.60000000e-01  3.29100602e-01 
 6.70000000e-01  3.34086975e-01 
 6.80000000e-01  3.39073348e-01 
 6.90000000e-01  3.44059720e-01 
 7.00000000e-01  3.49046093e-01 
 7.10000000e-01  3.54032466e-01 
 7.20000000e-01  3.59018839e-01 
 7.30000000e-01  3.64005211e-01 
 7.40000000e-01  3.68991584e-01 
 7.50000000e-01  3.73977957e-01 
 7.60000000e-01  3.78964330e-01 
 7.70000000e-01  3.83950702e-01 
 7.80000000e-01  3.88937075e-01 
 7.90000000e-01  3.93923448e-01 
 8.00000000e-01  3.98909821e-01 
 8.10000000e-01  4.03896194e-01 
 8.20000000e-01  4.08882566e-01 
 8.30000000e-01  4.13868939e-01 
 8.40000000e-01  4.18855312e-01 
 8.50000000e-01  4.23841685e-01 
 8.60000000e-01  4.28828057e-01 
 8.70000000e-01  4.33814430e-01 
 8.80000000e-01  4.38800803e-01 
 8.90000000e-01  4.43787176e-01 
 9.00000000e-01  4.48773548e-01 
 9.10000000e-01  4.53759921e-01 
 9.20000000e-01  4.58746294e-01 
 9.30000000e-01  4.63732667e-01 
 9.40000000e-01  4.68719039e-01 
 9.50000000e-01  4.73705412e-01 
 9.60000000e-01  4.78691785e-01 
 9.70000000e-01  4.83678158e-01 
 9.80000000e-01  4.88664530e-01 
 9.90000000e-01  4.93650903e-01 
 1.00000000e+00  4.98637276e-01 
