 0.00000000e+00  0.00000000e+00 
 1.00000000e-02  4.99799891e-03 
 2.00000000e-02  9.99599782e-03 
 3.00000000e-02  1.49939967e-02 
 4.00000000e-02  1.99919956e-02 
 5.00000000e-02  2.49899946e-02 
 6.00000000e-02  2.99879935e-02 
 7.00000000e-02  3.49859924e-02 
 8.00000000e-02  3.99839913e-02 
 9.00000000e-02  4.49819902e-02 
 1.00000000e-01  4.99799891e-02 
 1.10000000e-01  5.49779880e-02 
 1.20000000e-01  5.99759869e-02 
 1.30000000e-01  6.49739859e-02 
 1.40000000e-01  6.99719848e-02 
 1.50000000e-01  7.49699837e-02 
 1.60000000e-01  7.99679826e-02 
 1.70000000e-01  8.49659815e-02 
 1.80000000e-01  8.99639804e-02 
 1.90000000e-01  9.49619793e-02 
 2.00000000e-01  9.99599782e-02 
 2.10000000e-01  1.04957977e-01 
 2.20000000e-01  1.09955976e-01 
 2.30000000e-01  1.14953975e-01 
 2.40000000e-01  1.19951974e-01 
 2.50000000e-01  1.24949973e-01 
 2.60000000e-01  1.29947972e-01 
 2.70000000e-01  1.34945971e-01 
 2.80000000e-01  1.39943970e-01 
 2.90000000e-01  1.44941968e-01 
 3.00000000e-01  1.49939967e-01 
 3.10000000e-01  1.54937966e-01 
 3.20000000e-01  1.59935965e-01 
 3.30000000e-01  1.64933964e-01 
 3.40000000e-01  1.69931963e-01 
 3.50000000e-01  1.74929962e-01 
 3.60000000e-01  1.79927961e-01 
 3.70000000e-01  1.84925960e-01 
 3.80000000e-01  1.89923959e-01 
 3.90000000e-01  1.94921958e-01 
 4.00000000e-01  1.99919956e-01 
 4.10000000e-01  2.04917955e-01 
 4.20000000e-01  2.09915954e-01 
 4.30000000e-01  2.14913953e-01 
 4.40000000e-01  2.19911952e-01 
 4.50000000e-01  2.24909951e-01 
 4.60000000e-01  2.29907950e-01 
 4.70000000e-01  2.34905949e-01 
 4.80000000e-01  2.39903948e-01 
 4.90000000e-01  2.44901947e-01 
 5.00000000e-01  2.49899946e-01 
 5.10000000e-01  2.54897945e-01 
 5.20000000e-01  2.59895943e-01 
 5.30000000e-01  2.64893942e-01 
 5.40000000e-01  2.69891941e-01 
 5.50000000e-01  2.74889940e-01 
 5.60000000e-01  2.79887939e-01 
 5.70000000e-01  2.84885938e-01 
 5.80000000e-01  2.89883937e-01 
 5.90000000e-01  2.94881936e-01 
 6.00000000e-01  2.99879935e-01 
 6.10000000e-01  3.04877934e-01 
 6.20000000e-01  3.09875933e-01 
 6.30000000e-01  3.14873931e-01 
 6.40000000e-01  3.19871930e-01 
 6.50000000e-01  3.24869929e-01 
 6.60000000e-01  3.29867928e-01 
 6.70000000e-01  3.34865927e-01 
 6.80000000e-01  3.39863926e-01 
 6.90000000e-01  3.44861925e-01 
 7.00000000e-01  3.49859924e-01 
 7.10000000e-01  3.54857923e-01 
 7.20000000e-01  3.59855922e-01 
 7.30000000e-01  3.64853921e-01 
 7.40000000e-01  3.69851919e-01 
 7.50000000e-01  3.74849918e-01 
 7.60000000e-01  3.79847917e-01 
 7.70000000e-01  3.84845916e-01 
 7.80000000e-01  3.89843915e-01 
 7.90000000e-01  3.94841914e-01 
 8.00000000e-01  3.99839913e-01 
 8.10000000e-01  4.04837912e-01 
 8.20000000e-01  4.09835911e-01 
 8.30000000e-01  4.14833910e-01 
 8.40000000e-01  4.19831909e-01 
 8.50000000e-01  4.24829908e-01 
 8.60000000e-01  4.29827906e-01 
 8.70000000e-01  4.34825905e-01 
 8.80000000e-01  4.39823904e-01 
 8.90000000e-01  4.44821903e-01 
 9.00000000e-01  4.49819902e-01 
 9.10000000e-01  4.54817901e-01 
 9.20000000e-01  4.59815900e-01 
 9.30000000e-01  4.64813899e-01 
 9.40000000e-01  4.69811898e-01 
 9.50000000e-01  4.74809897e-01 
 9.60000000e-01  4.79807896e-01 
 9.70000000e-01  4.84805894e-01 
 9.80000000e-01  4.89803893e-01 
 9.90000000e-01  4.94801892e-01 
 1.00000000e+00  4.99799891e-01 
